function [] = PlotTruth()
%Plot the groundtruth

M1Target1 = zeros(2,31);
M1Target2 = zeros(2,31);
M1Target3 = zeros(2,31);
M1Target4 = zeros(2,16);
M2Target1 = zeros(2,31);
M2Target2 = zeros(2,31);
M2Target3 = zeros(2,31);
M2Target4 = zeros(2,16);

M1Target1(1,:) = [100.00, 106.01, 112.01, 118.00, 123.98, 130.01, 136.07, 142.13, 148.16, 154.19, 160.22, 166.26, 172.27, 178.28, 184.30, 190.28, 196.20, 202.10, 208.01, 213.93, 219.85, 225.78, 231.72, 237.67, 243.63, 249.56, 255.48, 261.39, 267.31, 273.23, 279.13];
M1Target1(2,:) = [100.00, 101.00, 101.99, 103.00, 104.00, 104.97, 105.95, 106.92, 107.90, 108.90, 109.96, 111.02, 112.05, 113.06, 114.02, 114.97, 115.94, 116.95, 118.01, 119.09, 120.14, 121.20, 122.26, 123.35, 124.46, 125.56, 126.64, 127.73, 128.84, 129.94, 131.01];
M1Target2(1,:) = [400.00, 405.00, 410.04, 415.11, 420.16, 425.20, 430.25, 435.32, 440.40, 445.46, 450.53, 455.63, 460.75, 465.88, 471.03, 476.17, 481.29, 486.41, 491.51, 496.61, 501.69, 506.72, 511.74, 516.74, 521.73, 526.72, 531.71, 536.72, 541.75, 546.80, 551.88];
M1Target2(2,:) = [330.00, 345.01, 360.03, 375.05, 390.07, 405.11, 420.13, 435.12, 450.09, 465.02, 479.92, 494.84, 509.78, 524.70, 539.60, 554.50, 569.38, 584.25, 599.13, 614.00, 628.86, 643.72, 658.56, 673.42, 688.27, 703.10, 717.93, 732.80, 747.72, 762.64, 777.58];
M1Target3(1,:) = [390.00, 395.01, 400.05, 405.08, 410.08, 415.06, 420.02, 424.98, 429.96, 434.98, 440.03, 445.11, 450.17, 455.19, 460.19, 465.17, 470.13, 475.11, 480.08, 485.04, 490.03, 495.03, 500.03, 505.02, 509.98, 514.90, 519.83, 524.77, 529.72, 534.68, 539.67];
M1Target3(2,:) = [300.00, 315.02, 330.06, 345.10, 360.17, 375.26, 390.36, 405.48, 420.61, 435.75, 450.86, 465.94, 480.97, 495.97, 510.95, 525.93, 540.92, 555.93, 570.99, 586.08, 601.18, 616.28, 631.36, 646.43, 661.49, 676.57, 691.65, 706.71, 721.73, 736.74, 751.79];
M1Target4(1,:) = [300.00, 299.99, 299.98, 299.97, 299.94, 299.94, 299.97, 300.00, 300.01, 300.04, 300.04, 300.06, 300.14, 300.23, 300.31, 300.36];
M1Target4(2,:) = [700.00, 679.99, 659.97, 639.92, 619.86, 599.81, 579.78, 559.78, 539.80, 519.83, 499.86, 479.90, 459.92, 439.96, 420.01, 400.03];
M2Target1(1,:) = [100.00, 106.01, 112.01, 118.02, 124.09, 130.18, 136.28, 142.36, 148.45, 154.54, 160.64, 166.80, 172.95, 179.09, 185.21, 191.29, 197.37, 203.46, 209.57, 215.68, 221.78, 227.89, 234.02, 240.11, 246.20, 252.30, 258.42, 264.57, 270.72, 276.85, 282.95];
M2Target1(2,:) = [100.00, 101.00, 101.99, 103.00, 104.09, 105.22, 106.36, 107.50, 108.63, 109.79, 110.94, 112.06, 113.14, 114.23, 115.33, 116.41, 117.50, 118.62, 119.77, 120.94, 122.14, 123.38, 124.59, 125.77, 126.94, 128.12, 129.33, 130.55, 131.77, 132.95, 134.13];
M2Target2(1,:) = [400.00, 404.99, 409.99, 415.01, 420.01, 425.00, 430.03, 435.11, 440.23, 445.36, 450.48, 455.61, 460.78, 465.97, 471.18, 476.38, 481.53, 486.66, 491.78, 496.90, 502.03, 507.15, 512.25, 517.33, 522.41, 527.51, 532.63, 537.80, 543.02, 548.28, 553.53];
M2Target2(2,:) = [330.00, 345.02, 360.08, 375.15, 390.20, 405.25, 420.30, 435.37, 450.45, 465.51, 480.57, 495.60, 510.62, 525.68, 540.76, 555.84, 570.88, 585.89, 600.91, 615.94, 630.96, 645.97, 661.01, 676.05, 691.11, 706.18, 721.23, 736.30, 751.37, 766.45, 781.56];
M2Target3(1,:) = [390.00, 394.99, 399.96, 404.91, 409.84, 414.79, 419.75, 424.69, 429.62, 434.59, 439.57, 444.58, 449.58, 454.56, 459.55, 464.55, 469.55, 474.55, 479.55, 484.50, 489.43, 494.33, 499.22, 504.12, 509.00, 513.86, 518.72, 523.58, 528.44, 533.30, 538.15];
M2Target3(2,:) = [300.00, 315.00, 330.01, 345.05, 360.04, 375.01, 389.94, 404.84, 419.74, 434.63, 449.49, 464.33, 479.13, 493.89, 508.64, 523.38, 538.13, 552.89, 567.65, 582.44, 597.22, 611.99, 626.79, 641.61, 656.42, 671.25, 686.09, 700.94, 715.79, 730.63, 745.49];
M2Target4(1,:) = [300.00, 300.01, 300.03, 300.09, 300.16, 300.22, 300.28, 300.34, 300.39, 300.45, 300.55, 300.65, 300.77, 300.87, 300.96, 301.07];
M2Target4(2,:) = [700.00, 680.02, 660.04, 640.05, 620.04, 600.03, 580.02, 560.02, 540.03, 520.00, 499.95, 479.90, 459.89, 439.92, 419.96, 399.98];

%%%%%%%%%%%%%%%%%%%%%Measurement%%%%%%%%%%%%%%%%%%%%%%%%%

measM1S1 = nan(2,20,30);
measM2S1 = nan(2,20,30);
measM1S2 = nan(2,20,15);
measM2S2 = nan(2,20,15);

measM1S1(:,1:3,1) = [100.707323, 398.557652, 393.560647; 104.438078, 330.700508, 297.823897];
measM1S1(:,1:5,2) = [103.443574, 402.839762, 390.265176, 88.553767, 331.404031;  97.680558, 344.921326, 310.913638, 165.414498, 449.243069];
measM1S1(:,1:6,3) = [108.561953, 402.731987, 381.978539, 409.102019, 50.110770, 89.058477; 101.463639, 329.985825, 179.817457,  28.352345, 260.942837, 167.924487];
measM1S1(:,1:6,4) = [116.789470, 420.154592, 405.501293, 372.773037, 368.133728, 280.930713; 102.849256, 375.524863, 345.736696, 92.097049, 298.605675, 149.968495];
measM1S1(:,1:4,5) = [120.559773, 415.616151, 409.264315, 220.861029;  98.699989, 392.798561, 358.755101, 6.641600];
measM1S1(:,1:4,6) = [129.512354, 427.206002, 415.340342, 497.694864; 105.373790, 402.358544, 377.065371, 166.046417];
measM1S1(:,1:6,7) = [133.687814, 430.793734, 425.851191, 40.431212, 388.620268, 452.567372; 101.457482, 420.464213, 390.240993, 266.885976, 54.577106, 412.904429];
measM1S1(:,1:3,8) = [142.097130, 438.019643, 428.766719; 105.764559, 435.367730, 406.502561];
measM1S1(:,1:7,9) = [150.546148, 440.820482, 428.573435, 198.260396, 30.795334, 390.087766, 168.791932; 107.614735, 449.076477, 416.304780, 303.932954, 370.627025, 52.406621, 63.944190];
measM1S1(:,1:4,10) = [151.002559, 444.649167, 438.032229, 36.442650; 109.499251, 462.819537, 437.688563, 44.263730];
measM1S1(:,1:4,11) = [159.260848, 447.973163, 440.047452, 58.746426; 112.132972, 484.498690, 452.529806, 320.358961];
measM1S1(:,1:8,12) = [167.466572, 458.054040, 443.419401, 183.218308, 184.599402, 342.514236, 298.970818, 394.681972; 109.473097, 496.247323, 466.474036, 183.826459, 103.013930, 43.333274, 385.966959, 102.837261];
measM1S1(:,1:3,13) = [169.579396, 446.731121, 390.965983; 111.360788, 479.583053, 50.303161];
measM1S1(:,1:3,14) = [177.799605, 454.807619, 56.141981; 115.479377, 494.158136, 392.213945];
measM1S1(:,1:6,15) = [184.287226, 298.593137, 466.879924, 93.730403, 133.089419, 398.915130; 111.419597, 503.375738, 243.801888, 384.479132, 198.003373, 136.469397];
measM1S1(:,1:3,16) = [190.571146, 299.830949, 157.905719; 113.171642, 478.407232, 386.361065];
measM1S1(:,1:2,17) = [194.622077, 299.132326; 115.447837, 460.234947];
measM1S1(:,1:3,18) = [205.636009, 299.444575, 63.249933; 116.285751, 441.911069, 67.151652];
measM1S1(:,1:4,19) = [209.846298, 300.398644, 125.520923, 446.461203; 119.345554, 417.491064, 351.611612, 277.868971];
measM1S1(:,1:5,20) = [215.455944, 300.726805, 311.248630, 493.967367, 85.216012; 118.482034, 398.971608, 128.896125, 198.399659, 36.997385];
measM1S1(:,1:3,21) = [220.860196, 190.672602, 80.566986; 119.533854, 379.056216, 435.555561];
measM1S1(:,1:5,22) = [224.502843, 226.296271, 211.322827, 179.803159, 279.159600; 118.032361, 371.272683, 212.167392, 214.677894, 62.436379];
measM1S1(:,1:5,23) = [229.356604, 381.948972, 379.663692, 370.324032, 371.844171; 126.210355, 52.960208, 340.780215, 231.630289, 106.081603];
measM1S1(:,1:4,24) = [242.383136, 351.351153, 76.795188, 476.728535; 121.063567, 270.442041, 339.866949, 18.281509];
measM1S1(:,1:4,25) = [243.379344, 207.546693, 90.368880, 127.693370; 124.600649, 10.267887, 461.837806, 326.849945];
measM1S1(:,1:4,26) = [248.577672, 375.973197, 114.334741, 32.093544; 129.663226, 383.664755, 335.601093, 357.606257];
measM1S1(:,1:6,27) = [256.732055, 317.830694, 475.447208, 221.982078, 30.009410, 433.374948; 125.253761, 315.594367, 177.536826, 498.501636, 112.085749, 326.225536];
measM1S1(:,1,28) = [258.601808; 127.942767];
measM1S1(:,1:5,29) = [267.458492, 478.692011, 132.661018, 462.290448, 111.885202; 125.771629, 186.781904, 43.750175, 320.058274, 90.308444];
